tensor([[0, 0, 0,  ..., 0, 0, 0],
        [0, 0, 0,  ..., 0, 0, 0],
        [0, 0, 0,  ..., 0, 0, 0],
        ...,
        [0, 0, 0,  ..., 0, 0, 0],
        [0, 0, 0,  ..., 0, 0, 0],
        [0, 0, 0,  ..., 0, 0, 0]], dtype=torch.int32)
tensor([[[ 0.1846, -0.8735, -1.2096,  0.1036],
         [ 0.1846, -0.8735, -1.2096,  0.1036],
         [ 0.1846, -0.8735, -1.2096,  0.1036],
         ...,
         [ 0.1846, -0.8735, -1.2096,  0.1036],
         [ 0.1846, -0.8735, -1.2096,  0.1036],
         [ 0.1846, -0.8735, -1.2096,  0.1036]],

        [[ 0.1846, -0.8735, -1.2096,  0.1036],
         [ 0.1846, -0.8735, -1.2096,  0.1036],
         [ 0.1846, -0.8735, -1.2096,  0.1036],
         ...,
         [ 0.1846, -0.8735, -1.2096,  0.1036],
         [ 0.1846, -0.8735, -1.2096,  0.1036],
         [ 0.1846, -0.8735, -1.2096,  0.1036]],

        [[ 0.1846, -0.8735, -1.2096,  0.1036],
         [ 0.1846, -0.8735, -1.2096,  0.1036],
         [ 0.1846, -0.8735, -1.2096,  0.1036],
         ...,
         [ 0.1846, -0.8735, -1.2096,  0.1036],
         [ 0.1846, -0.8735, -1.2096,  0.1036],
         [ 0.1846, -0.8735, -1.2096,  0.1036]],

        ...,

        [[ 0.1846, -0.8735, -1.2096,  0.1036],
         [ 0.1846, -0.8735, -1.2096,  0.1036],
         [ 0.1846, -0.8735, -1.2096,  0.1036],
         ...,
         [ 0.1846, -0.8735, -1.2096,  0.1036],
         [ 0.1846, -0.8735, -1.2096,  0.1036],
         [ 0.1846, -0.8735, -1.2096,  0.1036]],

        [[ 0.1846, -0.8735, -1.2096,  0.1036],
         [ 0.1846, -0.8735, -1.2096,  0.1036],
         [ 0.1846, -0.8735, -1.2096,  0.1036],
         ...,
         [ 0.1846, -0.8735, -1.2096,  0.1036],
         [ 0.1846, -0.8735, -1.2096,  0.1036],
         [ 0.1846, -0.8735, -1.2096,  0.1036]],

        [[ 0.1846, -0.8735, -1.2096,  0.1036],
         [ 0.1846, -0.8735, -1.2096,  0.1036],
         [ 0.1846, -0.8735, -1.2096,  0.1036],
         ...,
         [ 0.1846, -0.8735, -1.2096,  0.1036],
         [ 0.1846, -0.8735, -1.2096,  0.1036],
         [ 0.1846, -0.8735, -1.2096,  0.1036]]], grad_fn=<EmbeddingBackward0>)
